55661.000393518516 2011  4 10  0    0 -0.0000002 -0.952487330773  0.304576122524  0.001127078619 -0.304576319234 -0.952487934702 -0.000003035905  0.001072604122 -0.000346173118  0.999999364842
55661.001782407409 2011  4 10  0    2  0.0000002 -0.949785693141  0.312899131939  0.001127091660 -0.312899333929 -0.949786295341 -0.000003033859  0.001069546921 -0.000355547746  0.999999364827
55661.003171296295 2011  4 10  0    4 -0.0000001 -0.947011329078  0.321198182177  0.001127104683 -0.321198389431 -0.947011929501 -0.000003031704  0.001066407803 -0.000364895267  0.999999364813
55661.004560185182 2011  4 10  0    6 -0.0000003 -0.944164451004  0.329472637812  0.001127117686 -0.329472850314 -0.944165049606 -0.000003029440  0.001063187008 -0.000374214966  0.999999364798
55661.005949074075 2011  4 10  0    8  0.0000001 -0.941245276894  0.337721865299  0.001127130668 -0.337722083034 -0.941245873628 -0.000003027067  0.001059884784 -0.000383506129  0.999999364783
55661.007337962961 2011  4 10  0   10 -0.0000002 -0.938254030305  0.345945232897  0.001127143629 -0.345945455848 -0.938254625125 -0.000003024584  0.001056501382 -0.000392768045  0.999999364769
55661.008726851855 2011  4 10  0   12  0.0000002 -0.935190940248  0.354142111017  0.001127156566 -0.354142339167 -0.935191533110 -0.000003021993  0.001053037063 -0.000402000003  0.999999364754
55661.010115740741 2011  4 10  0   14 -0.0000000 -0.932056241302  0.362311871928  0.001127169481 -0.362312105259 -0.932056832159 -0.000003019293  0.001049492090 -0.000411201298  0.999999364740
55661.011504629627 2011  4 10  0   16 -0.0000002 -0.928850173478  0.370453890100  0.001127182370 -0.370454128595 -0.928850762285 -0.000003016484  0.001045866736 -0.000420371225  0.999999364725
55661.012893518520 2011  4 10  0   18  0.0000002 -0.925572982252  0.378567542131  0.001127195234 -0.378567785772 -0.925573568965 -0.000003013567  0.001042161277 -0.000429509081  0.999999364711
55661.014282407406 2011  4 10  0   20 -0.0000001 -0.922224918599  0.386652206663  0.001127208072 -0.386652455431 -0.922225503172 -0.000003010543  0.001038375998 -0.000438614166  0.999999364696
55661.015671296300 2011  4 10  0   22  0.0000003 -0.918806238848  0.394707264725  0.001127220882 -0.394707518601 -0.918806821237 -0.000003007410  0.001034511189 -0.000447685785  0.999999364682
55661.017060185186 2011  4 10  0   24  0.0000001 -0.915317204810  0.402732099445  0.001127233664 -0.402732358410 -0.915317784969 -0.000003004171  0.001030567144 -0.000456723241  0.999999364667
55661.018449074072 2011  4 10  0   26 -0.0000002 -0.911758083626  0.410726096393  0.001127246416 -0.410726360427 -0.911758661511 -0.000003000823  0.001026544167 -0.000465725843  0.999999364653
55661.019837962966 2011  4 10  0   28  0.0000002 -0.908129147804  0.418688643499  0.001127259139 -0.418688912583 -0.908129723372 -0.000002997369  0.001022442565 -0.000474692901  0.999999364639
55661.021226851852 2011  4 10  0   30 -0.0000000 -0.904430675256  0.426619130976  0.001127271830 -0.426619405088 -0.904431248461 -0.000002993809  0.001018262652 -0.000483623730  0.999999364624
55661.022615740738 2011  4 10  0   32 -0.0000003 -0.900662949159  0.434516951617  0.001127284489 -0.434517230736 -0.900663519959 -0.000002990141  0.001014004749 -0.000492517644  0.999999364610
55661.024004629631 2011  4 10  0   34  0.0000001 -0.896826257994  0.442381500715  0.001127297115 -0.442381784821 -0.896826826344 -0.000002986368  0.001009669180 -0.000501373963  0.999999364596
55661.025393518517 2011  4 10  0   36 -0.0000001 -0.892920895581  0.450212175988  0.001127309707 -0.450212465059 -0.892921461438 -0.000002982489  0.001005256278 -0.000510192008  0.999999364582
55661.026782407411 2011  4 10  0   38  0.0000003 -0.888947160919  0.458008377913  0.001127322264 -0.458008671927 -0.888947724240 -0.000002978504  0.001000766382 -0.000518971105  0.999999364568
55661.028171296297 2011  4 10  0   40  0.0000001 -0.884905358325  0.465769509441  0.001127334785 -0.465769808376 -0.884905919065 -0.000002974414  0.000996199833 -0.000527710582  0.999999364554
55661.029560185183 2011  4 10  0   42 -0.0000002 -0.880795797263  0.473494976332  0.001127347270 -0.473495280165 -0.880796355381 -0.000002970218  0.000991556983 -0.000536409767  0.999999364539
55661.030949074076 2011  4 10  0   44  0.0000002 -0.876618792388  0.481184187077  0.001127359717 -0.481184495784 -0.876619347840 -0.000002965919  0.000986838187 -0.000545067997  0.999999364525
55661.032337962963 2011  4 10  0   46 -0.0000000 -0.872374663581  0.488836552821  0.001127372126 -0.488836866380 -0.872375216326 -0.000002961515  0.000982043805 -0.000553684608  0.999999364511
55661.033726851849 2011  4 10  0   48 -0.0000003 -0.868063735801  0.496451487652  0.001127384495 -0.496451806038 -0.868064285795 -0.000002957007  0.000977174206 -0.000562258939  0.999999364498
55661.035115740742 2011  4 10  0   50  0.0000001 -0.863686339117  0.504028408523  0.001127396823 -0.504028731712 -0.863686886319 -0.000002952395  0.000972229761 -0.000570790335  0.999999364484
55661.036504629628 2011  4 10  0   52 -0.0000001 -0.859242808760  0.511566735179  0.001127409111 -0.511567063147 -0.859243353128 -0.000002947681  0.000967210849 -0.000579278141  0.999999364470
55661.037893518522 2011  4 10  0   54  0.0000003 -0.854733484931  0.519065890479  0.001127421356 -0.519066223200 -0.854734026422 -0.000002942863  0.000962117855 -0.000587721709  0.999999364456
55661.039282407408 2011  4 10  0   56  0.0000000 -0.850158712961  0.526525300123  0.001127433558 -0.526525637572 -0.850159251535 -0.000002937943  0.000956951169 -0.000596120391  0.999999364442
55661.040671296294 2011  4 10  0   58 -0.0000002 -0.845518843125  0.533944392972  0.001127445716 -0.533944735124 -0.845519378740 -0.000002932921  0.000951711185 -0.000604473544  0.999999364429
55661.042060185187 2011  4 10  1    0  0.0000002 -0.840814230679  0.541322600976  0.001127457830 -0.541322947803 -0.840814763294 -0.000002927797  0.000946398306 -0.000612780529  0.999999364415
55661.043449074074 2011  4 10  1    2 -0.0000000 -0.836045235911  0.548659359095  0.001127469897 -0.548659710573 -0.836045765485 -0.000002922571  0.000941012937 -0.000621040709  0.999999364401
55661.044837962960 2011  4 10  1    4 -0.0000003 -0.831212223965  0.555954105584  0.001127481918 -0.555954461685 -0.831212750458 -0.000002917245  0.000935555492 -0.000629253453  0.999999364388
55661.046226851853 2011  4 10  1    6  0.0000001 -0.826315564886  0.563206281911  0.001127493892 -0.563206642608 -0.826316088258 -0.000002911818  0.000930026388 -0.000637418130  0.999999364374
55661.047615740739 2011  4 10  1    8 -0.0000001 -0.821355633670  0.570415332690  0.001127505817 -0.570415697956 -0.821356153880 -0.000002906291  0.000924426048 -0.000645534116  0.999999364361
55661.049004629633 2011  4 10  1   10  0.0000003 -0.816332810054  0.577580705991  0.001127517693 -0.577581075796 -0.816333327063 -0.000002900665  0.000918754902 -0.000653600790  0.999999364348
55661.050393518519 2011  4 10  1   12  0.0000000 -0.811247478696  0.584701853073  0.001127529519 -0.584702227392 -0.811247992463 -0.000002894939  0.000913013382 -0.000661617533  0.999999364334
55661.051782407405 2011  4 10  1   14 -0.0000002 -0.806100028959  0.591778228700  0.001127541293 -0.591778607502 -0.806100539445 -0.000002889114  0.000907201930 -0.000669583731  0.999999364321
55661.053171296298 2011  4 10  1   16  0.0000002 -0.800890854964  0.598809291059  0.001127553016 -0.598809674317 -0.800891362131 -0.000002883191  0.000901320990 -0.000677498776  0.999999364308
55661.054560185185 2011  4 10  1   18 -0.0000001 -0.795620355640  0.605794501699  0.001127564687 -0.605794889382 -0.795620859449 -0.000002877170  0.000895371011 -0.000685362060  0.999999364295
55661.055949074071 2011  4 10  1   20 -0.0000003 -0.790288934530  0.612733325788  0.001127576303 -0.612733717868 -0.790289434941 -0.000002871052  0.000889352450 -0.000693172981  0.999999364282
55661.057337962964 2011  4 10  1   22  0.0000001 -0.784896999838  0.619625232048  0.001127587865 -0.619625628494 -0.784897496814 -0.000002864836  0.000883265768 -0.000700930941  0.999999364268
55661.058726851850 2011  4 10  1   24 -0.0000001 -0.779444964491  0.626469692682  0.001127599372 -0.626470093464 -0.779445457993 -0.000002858525  0.000877111430 -0.000708635347  0.999999364256
55661.060115740744 2011  4 10  1   26  0.0000003 -0.773933245901  0.633266183673  0.001127610823 -0.633266588761 -0.773933735892 -0.000002852117  0.000870889908 -0.000716285608  0.999999364243
55661.061504629630 2011  4 10  1   28  0.0000000 -0.768362266165  0.640014184532  0.001127622217 -0.640014593894 -0.768362752607 -0.000002845613  0.000864601678 -0.000723881137  0.999999364230
55661.062893518516 2011  4 10  1   30 -0.0000002 -0.762732451834  0.646713178590  0.001127633553 -0.646713592196 -0.762732934690 -0.000002839015  0.000858247221 -0.000731421355  0.999999364217
55661.064282407409 2011  4 10  1   32  0.0000002 -0.757044233960  0.653362652932  0.001127644831 -0.653363070750 -0.757044713192 -0.000002832322  0.000851827024 -0.000738905683  0.999999364204
55661.065671296295 2011  4 10  1   34 -0.0000001 -0.751298048157  0.659962098327  0.001127656049 -0.659962520325 -0.751298523730 -0.000002825536  0.000845341579 -0.000746333548  0.999999364192
55661.067060185182 2011  4 10  1   36 -0.0000003 -0.745494334390  0.666511009481  0.001127667207 -0.666511435627 -0.745494806266 -0.000002818655  0.000838791381 -0.000753704381  0.999999364179
55661.068449074075 2011  4 10  1   38  0.0000001 -0.739633537026  0.673008884970  0.001127678304 -0.673009315231 -0.739634005170 -0.000002811682  0.000832176934 -0.000761017618  0.999999364167
55661.069837962961 2011  4 10  1   40 -0.0000002 -0.733716104897  0.679455227172  0.001127689339 -0.679455661517 -0.733716569273 -0.000002804616  0.000825498742 -0.000768272698  0.999999364154
55661.071226851855 2011  4 10  1   42  0.0000002 -0.727742491046  0.685849542551  0.001127700311 -0.685849980945 -0.727742951618 -0.000002797459  0.000818757317 -0.000775469067  0.999999364142
55661.072615740741 2011  4 10  1   44 -0.0000000 -0.721713152945  0.692191341418  0.001127711220 -0.692191783828 -0.721713609678 -0.000002790210  0.000811953176 -0.000782606173  0.999999364130
55661.074004629627 2011  4 10  1   46 -0.0000002 -0.715628552237  0.698480138204  0.001127722065 -0.698480584597 -0.715629005095 -0.000002782871  0.000805086839 -0.000789683469  0.999999364117
55661.075393518520 2011  4 10  1   48  0.0000002 -0.709489154797  0.704715451402  0.001127732844 -0.704715901742 -0.709489603746 -0.000002775441  0.000798158833 -0.000796700414  0.999999364105
55661.076782407406 2011  4 10  1   50 -0.0000001 -0.703295430791  0.710896803498  0.001127743558 -0.710897257752 -0.703295875797 -0.000002767922  0.000791169687 -0.000803656470  0.999999364093
55661.078171296300 2011  4 10  1   52  0.0000003 -0.697047854416  0.717023721242  0.001127754205 -0.717024179376 -0.697048295445 -0.000002760314  0.000784119936 -0.000810551104  0.999999364081
55661.079560185186 2011  4 10  1   54  0.0000001 -0.690746904125  0.723095735424  0.001127764785 -0.723096197402 -0.690747341142 -0.000002752617  0.000777010121 -0.000817383789  0.999999364069
55661.080949074072 2011  4 10  1   56 -0.0000002 -0.684393062357  0.729112381133  0.001127775296 -0.729112846920 -0.684393495329 -0.000002744832  0.000769840786 -0.000824154001  0.999999364057
55661.082337962966 2011  4 10  1   58  0.0000002 -0.677986815601  0.735073197696  0.001127785739 -0.735073667256 -0.677987244496 -0.000002736961  0.000762612479 -0.000830861222  0.999999364046
55661.083726851852 2011  4 10  2    0 -0.0000000 -0.671528654460  0.740977728623  0.001127796112 -0.740978201921 -0.671529079244 -0.000002729002  0.000755325755 -0.000837504938  0.999999364034
55661.085115740738 2011  4 10  2    2 -0.0000003 -0.665019073410  0.746825521828  0.001127806414 -0.746825998827 -0.665019494051 -0.000002720958  0.000747981170 -0.000844084641  0.999999364022
55661.086504629631 2011  4 10  2    4  0.0000001 -0.658458570867  0.752616129565  0.001127816646 -0.752616610230 -0.658458987332 -0.000002712828  0.000740579288 -0.000850599825  0.999999364011
55661.087893518517 2011  4 10  2    6 -0.0000001 -0.651847649244  0.758349108381  0.001127826805 -0.758349592674 -0.651848061502 -0.000002704613  0.000733120675 -0.000857049994  0.999999363999
55661.089282407411 2011  4 10  2    8  0.0000003 -0.645186814681  0.764024019351  0.001127836891 -0.764024507236 -0.645187222700 -0.000002696314  0.000725605903 -0.000863434652  0.999999363988
55661.090671296297 2011  4 10  2   10  0.0000001 -0.638476577277  0.769640427881  0.001127846905 -0.769640919321 -0.638476981026 -0.000002687932  0.000718035546 -0.000869753310  0.999999363977
55661.092060185183 2011  4 10  2   12 -0.0000002 -0.631717450810  0.775197903945  0.001127856844 -0.775198398901 -0.631717850257 -0.000002679467  0.000710410184 -0.000876005485  0.999999363966
55661.093449074076 2011  4 10  2   14  0.0000002 -0.624909952800  0.780696022027  0.001127866708 -0.780696520462 -0.624910347915 -0.000002670919  0.000702730401 -0.000882190699  0.999999363955
55661.094837962963 2011  4 10  2   16 -0.0000000 -0.618054604578  0.786134361070  0.001127876497 -0.786134862946 -0.618054995331 -0.000002662290  0.000694996785 -0.000888308476  0.999999363944
55661.096226851849 2011  4 10  2   18 -0.0000003 -0.611151931032  0.791512504682  0.001127886209 -0.791513009961 -0.611152317393 -0.000002653581  0.000687209928 -0.000894358349  0.999999363933
55661.097615740742 2011  4 10  2   20  0.0000001 -0.604202460674  0.796830041079  0.001127895844 -0.796830549723 -0.604202842613 -0.000002644791  0.000679370427 -0.000900339854  0.999999363922
55661.099004629628 2011  4 10  2   22 -0.0000001 -0.597206725707  0.802086563034  0.001127905402 -0.802087075003 -0.597207103195 -0.000002635921  0.000671478881 -0.000906252534  0.999999363911
55661.100393518522 2011  4 10  2   24  0.0000003 -0.590165261731  0.807281668102  0.001127914881 -0.807282183357 -0.590165634739 -0.000002626972  0.000663535895 -0.000912095936  0.999999363900
55661.101782407408 2011  4 10  2   26  0.0000000 -0.583078607995  0.812414958433  0.001127924281 -0.812415476935 -0.583078976494 -0.000002617946  0.000655542077 -0.000917869611  0.999999363890
55661.103171296294 2011  4 10  2   28 -0.0000002 -0.575947307097  0.817486040990  0.001127933602 -0.817486562699 -0.575947671060 -0.000002608842  0.000647498039 -0.000923573118  0.999999363879
55661.104560185187 2011  4 10  2   30  0.0000002 -0.568771905054  0.822494527499  0.001127942842 -0.822495052376 -0.568772264452 -0.000002599661  0.000639404398 -0.000929206021  0.999999363869
55661.105949074074 2011  4 10  2   32 -0.0000000 -0.561552951371  0.827440034402  0.001127952001 -0.827440562406 -0.561553306177 -0.000002590404  0.000631261772 -0.000934767887  0.999999363859
55661.107337962960 2011  4 10  2   34 -0.0000003 -0.554290998777  0.832322183039  0.001127961078 -0.832322714130 -0.554291348964 -0.000002581071  0.000623070785 -0.000940258290  0.999999363848
55661.108726851853 2011  4 10  2   36  0.0000001 -0.546986603292  0.837140599602  0.001127970073 -0.837141133741 -0.546986948832 -0.000002571664  0.000614832064 -0.000945676811  0.999999363838
55661.110115740739 2011  4 10  2   38 -0.0000001 -0.539640324299  0.841894915090  0.001127978984 -0.841895452234 -0.539640665167 -0.000002562183  0.000606546240 -0.000951023034  0.999999363828
55661.111504629633 2011  4 10  2   40  0.0000003 -0.532252724237  0.846584765505  0.001127987812 -0.846585305614 -0.532253060406 -0.000002552629  0.000598213948 -0.000956296551  0.999999363818
55661.112893518519 2011  4 10  2   42  0.0000000 -0.524824368863  0.851209791691  0.001127996556 -0.851210334724 -0.524824700307 -0.000002543002  0.000589835826 -0.000961496956  0.999999363808
55661.114282407405 2011  4 10  2   44 -0.0000002 -0.517355826937  0.855769639528  0.001128005215 -0.855770185443 -0.517356153631 -0.000002533304  0.000581412514 -0.000966623851  0.999999363799
55661.115671296298 2011  4 10  2   46  0.0000002 -0.509847670298  0.860263959885  0.001128013788 -0.860264508640 -0.509847992217 -0.000002523535  0.000572944659 -0.000971676845  0.999999363789
55661.117060185185 2011  4 10  2   48 -0.0000001 -0.502300473933  0.864692408578  0.001128022275 -0.864692960132 -0.502300791052 -0.000002513695  0.000564432908 -0.000976655550  0.999999363780
55661.118449074071 2011  4 10  2   50 -0.0000003 -0.494714815704  0.869054646538  0.001128030675 -0.869055200849 -0.494715127999 -0.000002503786  0.000555877913 -0.000981559585  0.999999363770
55661.119837962964 2011  4 10  2   52  0.0000001 -0.487091276415  0.873350339765  0.001128038987 -0.873350896790 -0.487091583862 -0.000002493808  0.000547280329 -0.000986388574  0.999999363761
55661.121226851850 2011  4 10  2   54 -0.0000001 -0.479430439892  0.877579159287  0.001128047212 -0.877579718984 -0.479430742467 -0.000002483763  0.000538640814 -0.000991142147  0.999999363751
55661.122615740744 2011  4 10  2   56  0.0000003 -0.471732892654  0.881740781341  0.001128055348 -0.881741343666 -0.471733190335 -0.000002473650  0.000529960030 -0.000995819940  0.999999363742
55661.124004629630 2011  4 10  2   58  0.0000000 -0.463999224196  0.885834887221  0.001128063395 -0.885835452133 -0.463999516959 -0.000002463471  0.000521238642 -0.001000421596  0.999999363733
55661.125393518516 2011  4 10  3    0 -0.0000002 -0.456230026654  0.889861163460  0.001128071352 -0.889861730914 -0.456230314477 -0.000002453226  0.000512477317 -0.001004946761  0.999999363724
55661.126782407409 2011  4 10  3    2  0.0000002 -0.448425894887  0.893819301778  0.001128079219 -0.893819871733 -0.448426177748 -0.000002442916  0.000503676726 -0.001009395089  0.999999363715
55661.128171296295 2011  4 10  3    4 -0.0000001 -0.440587426550  0.897708999056  0.001128086994 -0.897709571466 -0.440587704427 -0.000002432543  0.000494837544 -0.001013766240  0.999999363707
55661.129560185182 2011  4 10  3    6 -0.0000003 -0.432715221804  0.901529957473  0.001128094679 -0.901530532296 -0.432715494676 -0.000002422106  0.000485960446 -0.001018059878  0.999999363698
55661.130949074075 2011  4 10  3    8  0.0000001 -0.424809883394  0.905281884473  0.001128102271 -0.905282461665 -0.424810151240 -0.000002411606  0.000477046113 -0.001022275675  0.999999363690
55661.132337962961 2011  4 10  3   10 -0.0000002 -0.416872016727  0.908964492727  0.001128109771 -0.908965072243 -0.416872279526 -0.000002401045  0.000468095227 -0.001026413308  0.999999363681
55661.133726851855 2011  4 10  3   12  0.0000002 -0.408902229531  0.912577500290  0.001128117177 -0.912578082086 -0.408902487264 -0.000002390424  0.000459108473 -0.001030472460  0.999999363673
55661.135115740741 2011  4 10  3   14 -0.0000000 -0.400901132150  0.916120630472  0.001128124491 -0.916121214503 -0.400901384796 -0.000002379742  0.000450086540 -0.001034452820  0.999999363665
55661.136504629627 2011  4 10  3   16 -0.0000002 -0.392869337197  0.919593611988  0.001128131709 -0.919594198211 -0.392869584737 -0.000002369001  0.000441030118 -0.001038354083  0.999999363656
55661.137893518520 2011  4 10  3   18  0.0000002 -0.384807459635  0.922996178926  0.001128138834 -0.922996767295 -0.384807702051 -0.000002358202  0.000431939901 -0.001042175950  0.999999363648
55661.139282407406 2011  4 10  3   20 -0.0000001 -0.376716116859  0.926328070710  0.001128145863 -0.926328661181 -0.376716354131 -0.000002347345  0.000422816585 -0.001045918129  0.999999363640
55661.140671296300 2011  4 10  3   22  0.0000003 -0.368595928349  0.929589032248  0.001128152796 -0.929589624775 -0.368596160459 -0.000002336432  0.000413660868 -0.001049580334  0.999999363633
55661.142060185186 2011  4 10  3   24  0.0000001 -0.360447515965  0.932778813809  0.001128159634 -0.932779408347 -0.360447742896 -0.000002325462  0.000404473452 -0.001053162283  0.999999363625
55661.143449074072 2011  4 10  3   26 -0.0000002 -0.352271503600  0.935897171163  0.001128166374 -0.935897767667 -0.352271725334 -0.000002314438  0.000395255039 -0.001056663702  0.999999363617
55661.144837962966 2011  4 10  3   28  0.0000002 -0.344068517260  0.938943865551  0.001128173018 -0.938944463975 -0.344068733780 -0.000002303360  0.000386006336 -0.001060084323  0.999999363610
55661.146226851852 2011  4 10  3   30 -0.0000000 -0.335839185146  0.941918663650  0.001128179564 -0.941919263948 -0.335839396435 -0.000002292228  0.000376728052 -0.001063423884  0.999999363603
55661.147615740738 2011  4 10  3   32 -0.0000003 -0.327584137345  0.944821337691  0.001128186012 -0.944821939818 -0.327584343388 -0.000002281044  0.000367420895 -0.001066682130  0.999999363595
55661.149004629631 2011  4 10  3   34  0.0000001 -0.319304005916  0.947651665428  0.001128192361 -0.947652269338 -0.319304206696 -0.000002269808  0.000358085580 -0.001069858810  0.999999363588
55661.150393518517 2011  4 10  3   36 -0.0000001 -0.310999424966  0.950409430108  0.001128198612 -0.950410035755 -0.310999620469 -0.000002258521  0.000348722820 -0.001072953682  0.999999363581
55661.151782407411 2011  4 10  3   38  0.0000003 -0.302671030303  0.953094420595  0.001128204763 -0.953095027932 -0.302671220512 -0.000002247185  0.000339333333 -0.001075966508  0.999999363574
55661.153171296297 2011  4 10  3   40  0.0000001 -0.294319459730  0.955706431267  0.001128210814 -0.955707040247 -0.294319644632 -0.000002235800  0.000329917838 -0.001078897057  0.999999363567
55661.154560185183 2011  4 10  3   42 -0.0000002 -0.285945352696  0.958245262132  0.001128216765 -0.958245872710 -0.285945532276 -0.000002224366  0.000320477055 -0.001081745106  0.999999363561
55661.155949074076 2011  4 10  3   44  0.0000002 -0.277549350374  0.960710718802  0.001128222616 -0.960711330931 -0.277549524619 -0.000002212885  0.000311011708 -0.001084510436  0.999999363554
55661.157337962963 2011  4 10  3   46 -0.0000000 -0.269132095745  0.963102612467  0.001128228365 -0.963103226100 -0.269132264642 -0.000002201358  0.000301522521 -0.001087192834  0.999999363548
55661.158726851849 2011  4 10  3   48 -0.0000003 -0.260694233288  0.965420759989  0.001128234013 -0.965421375079 -0.260694396823 -0.000002189786  0.000292010221 -0.001089792097  0.999999363541
55661.160115740742 2011  4 10  3   50  0.0000001 -0.252236409057  0.967664983877  0.001128239559 -0.967665600377 -0.252236567218 -0.000002178169  0.000282475536 -0.001092308024  0.999999363535
55661.161504629628 2011  4 10  3   52 -0.0000001 -0.243759270768  0.969835112263  0.001128245003 -0.969835730126 -0.243759423543 -0.000002166508  0.000272919196 -0.001094740422  0.999999363529
55661.162893518522 2011  4 10  3   54  0.0000003 -0.235263467440  0.971930979000  0.001128250344 -0.971931598179 -0.235263614816 -0.000002154804  0.000263341933 -0.001097089107  0.999999363523
55661.164282407408 2011  4 10  3   56  0.0000000 -0.226749649696  0.973952423582  0.001128255582 -0.973953044031 -0.226749791662 -0.000002143059  0.000253744481 -0.001099353896  0.999999363517
55661.165671296294 2011  4 10  3   58 -0.0000002 -0.218218469407  0.975899291237  0.001128260717 -0.975899912907 -0.218218605953 -0.000002131273  0.000244127573 -0.001101534618  0.999999363511
55661.167060185187 2011  4 10  4    0  0.0000002 -0.209670579774  0.977771432899  0.001128265748 -0.977772055742 -0.209670710889 -0.000002119446  0.000234491948 -0.001103631105  0.999999363506
55661.168449074074 2011  4 10  4    2 -0.0000000 -0.201106635410  0.979568705196  0.001128270675 -0.979569329165 -0.201106761085 -0.000002107580  0.000224838341 -0.001105643197  0.999999363500
55661.169837962960 2011  4 10  4    4 -0.0000003 -0.192527292024  0.981290970518  0.001128275498 -0.981291595566 -0.192527412248 -0.000002095676  0.000215167493 -0.001107570738  0.999999363495
55661.171226851853 2011  4 10  4    6  0.0000001 -0.183933206503  0.982938096998  0.001128280215 -0.982938723077 -0.183933321267 -0.000002083735  0.000205480145 -0.001109413582  0.999999363490
55661.172615740739 2011  4 10  4    8 -0.0000001 -0.175325036999  0.984509958494  0.001128284828 -0.984510585556 -0.175325146294 -0.000002071757  0.000195777037 -0.001111171588  0.999999363484
55661.174004629633 2011  4 10  4   10  0.0000003 -0.166703442562  0.986006434665  0.001128289336 -0.986007062662 -0.166703546380 -0.000002059744  0.000186058913 -0.001112844620  0.999999363479
55661.175393518519 2011  4 10  4   12  0.0000000 -0.158069083448  0.987427410907  0.001128293738 -0.987428039792 -0.158069181782 -0.000002047696  0.000176326516 -0.001114432551  0.999999363474
55661.176782407405 2011  4 10  4   14 -0.0000002 -0.149422620760  0.988772778422  0.001128298034 -0.988773408146 -0.149422713600 -0.000002035615  0.000166580593 -0.001115935259  0.999999363469
55661.178171296298 2011  4 10  4   16  0.0000002 -0.140764716522  0.990042434200  0.001128302223 -0.990043064714 -0.140764803863 -0.000002023501  0.000156821889 -0.001117352629  0.999999363465
55661.179560185185 2011  4 10  4   18 -0.0000001 -0.132096033775  0.991236281008  0.001128306306 -0.991236912265 -0.132096115609 -0.000002011355  0.000147051152 -0.001118684551  0.999999363460
55661.180949074071 2011  4 10  4   20 -0.0000003 -0.123417236246  0.992354227438  0.001128310283 -0.992354859390 -0.123417312567 -0.000001999178  0.000137269130 -0.001119930925  0.999999363456
55661.182337962964 2011  4 10  4   22  0.0000001 -0.114728988437  0.993396187893  0.001128314152 -0.993396820491 -0.114729059240 -0.000001986971  0.000127476572 -0.001121091654  0.999999363451
55661.183726851850 2011  4 10  4   24 -0.0000001 -0.106031955711  0.994362082577  0.001128317914 -0.994362715774 -0.106032020990 -0.000001974735  0.000117674227 -0.001122166650  0.999999363447
55661.185115740744 2011  4 10  4   26  0.0000003 -0.097326803922  0.995251837541  0.001128321568 -0.995252471288 -0.097326863672 -0.000001962472  0.000107862846 -0.001123155830  0.999999363443
55661.186504629630 2011  4 10  4   28  0.0000000 -0.088614199725  0.996065384646  0.001128325115 -0.996066018894 -0.088614253942 -0.000001950181  0.000098043181 -0.001124059119  0.999999363439
55661.187893518516 2011  4 10  4   30 -0.0000002 -0.079894810213  0.996802661601  0.001128328553 -0.996803296302 -0.079894858892 -0.000001937864  0.000088215983 -0.001124876446  0.999999363435
55661.189282407409 2011  4 10  4   32  0.0000002 -0.071169302996  0.997463611957  0.001128331883 -0.997464247062 -0.071169346133 -0.000001925521  0.000078382005 -0.001125607750  0.999999363432
55661.190671296295 2011  4 10  4   34 -0.0000001 -0.062438346289  0.998048185096  0.001128335105 -0.998048820557 -0.062438383881 -0.000001913155  0.000068542000 -0.001126252975  0.999999363428
55661.192060185182 2011  4 10  4   36 -0.0000003 -0.053702608589  0.998556336259  0.001128338218 -0.998556972028 -0.053702640633 -0.000001900765  0.000058696721 -0.001126812070  0.999999363424
55661.193449074075 2011  4 10  4   38  0.0000001 -0.044962758757  0.998988026540  0.001128341222 -0.998988662568 -0.044962785251 -0.000001888353  0.000048846922 -0.001127284994  0.999999363421
55661.194837962961 2011  4 10  4   40 -0.0000002 -0.036219466109  0.999343222879  0.001128344117 -0.999343859117 -0.036219487050 -0.000001875919  0.000038993358 -0.001127671709  0.999999363418
55661.196226851855 2011  4 10  4   42  0.0000002 -0.027473400039  0.999621898081  0.001128346903 -0.999622534481 -0.027473415426 -0.000001863465  0.000029136783 -0.001127972186  0.999999363415
55661.197615740741 2011  4 10  4   44 -0.0000000 -0.018725230337  0.999824030805  0.001128349579 -0.999824667318 -0.018725240169 -0.000001850991  0.000019277951 -0.001128186402  0.999999363412
55661.199004629627 2011  4 10  4   46 -0.0000002 -0.009975626818  0.999949605576  0.001128352145 -0.999950242153 -0.009975631094 -0.000001838499  0.000009417618 -0.001128314341  0.999999363409
55661.200393518520 2011  4 10  4   48  0.0000002 -0.001225259404  0.999998612777  0.001128354602 -0.999999249369 -0.001225258124 -0.000001825989 -0.000000443461 -0.001128355993  0.999999363406
55661.201782407406 2011  4 10  4   50 -0.0000001  0.007525201783  0.999971048655  0.001128356949 -0.999971685215  0.007525208619 -0.000001813463 -0.000010304532 -0.001128311353  0.999999363403
55661.203171296300 2011  4 10  4   52  0.0000003  0.016275086800  0.999866915322  0.001128359186 -0.999867551800  0.016275099193 -0.000001800921 -0.000020164839 -0.001128180427  0.999999363401
55661.204560185186 2011  4 10  4   54  0.0000001  0.025023725565  0.999686220751  0.001128361313 -0.999686857099  0.025023743513 -0.000001788364 -0.000030023627 -0.001127963223  0.999999363399
55661.205949074072 2011  4 10  4   56 -0.0000002  0.033770448228  0.999428978779  0.001128363329 -0.999429614948  0.033770471729 -0.000001775793 -0.000039880141 -0.001127659758  0.999999363396
55661.207337962966 2011  4 10  4   58  0.0000002  0.042514585085  0.999095209100  0.001128365235 -0.999095845043  0.042514614138 -0.000001763210 -0.000049733627 -0.001127270056  0.999999363394
55661.208726851852 2011  4 10  5    0 -0.0000000  0.051255466493  0.998684937276  0.001128367030 -0.998685572943  0.051255501096 -0.000001750615 -0.000059583330 -0.001126794146  0.999999363392
55661.210115740738 2011  4 10  5    2 -0.0000003  0.059992423198  0.998198194720  0.001128368715 -0.998198830063  0.059992463347 -0.000001738009 -0.000069428496 -0.001126232064  0.999999363390
55661.211504629631 2011  4 10  5    4  0.0000001  0.068724786242  0.997635018700  0.001128370289 -0.997635653669  0.068724831935 -0.000001725393 -0.000079268371 -0.001125583854  0.999999363389
55661.212893518517 2011  4 10  5    6 -0.0000001  0.077451886886  0.996995452344  0.001128371752 -0.996996086892  0.077451938119 -0.000001712769 -0.000089102202 -0.001124849564  0.999999363387
55661.214282407411 2011  4 10  5    8  0.0000003  0.086173056973  0.996279544619  0.001128373105 -0.996280178697  0.086173113743 -0.000001700136 -0.000098929235 -0.001124029252  0.999999363385
55661.215671296297 2011  4 10  5   10  0.0000001  0.094887628621  0.995487350350  0.001128374346 -0.995487983910  0.094887690924 -0.000001687497 -0.000108748718 -0.001123122980  0.999999363384
55661.217060185183 2011  4 10  5   12 -0.0000002  0.103594934588  0.994618930192  0.001128375476 -0.994619563185  0.103595002418 -0.000001674851 -0.000118559899 -0.001122130817  0.999999363383
55661.218449074076 2011  4 10  5   14  0.0000002  0.112294308188  0.993674350638  0.001128376495 -0.993674983016  0.112294381540 -0.000001662200 -0.000128362027 -0.001121052839  0.999999363382
55661.219837962963 2011  4 10  5   16 -0.0000000  0.120985083207  0.992653684024  0.001128377404 -0.992654315739  0.120985162076 -0.000001649546 -0.000138154351 -0.001119889129  0.999999363381
55661.221226851849 2011  4 10  5   18 -0.0000003  0.129666594225  0.991557008500  0.001128378201 -0.991557639503  0.129666678605 -0.000001636888 -0.000147936121 -0.001118639776  0.999999363380
55661.222615740742 2011  4 10  5   20  0.0000001  0.138338176532  0.990384408033  0.001128378887 -0.990385038277  0.138338266416 -0.000001624228 -0.000157706589 -0.001117304874  0.999999363379
55661.224004629628 2011  4 10  5   22 -0.0000001  0.146999166042  0.989135972424  0.001128379461 -0.989136601860  0.146999261424 -0.000001611567 -0.000167465007 -0.001115884527  0.999999363378
55661.225393518522 2011  4 10  5   24  0.0000003  0.155648899662  0.987811797253  0.001128379925 -0.987812425833  0.155649000533 -0.000001598906 -0.000177210626 -0.001114378843  0.999999363378
55661.226782407408 2011  4 10  5   26  0.0000000  0.164286714977  0.986411983930  0.001128380277 -0.986412611606  0.164286821331 -0.000001586246 -0.000186942701 -0.001112787937  0.999999363378
55661.228171296294 2011  4 10  5   28 -0.0000002  0.172911950624  0.984936639632  0.001128380519 -0.984937266356  0.172912062452 -0.000001573588 -0.000196660487 -0.001111111931  0.999999363377
55661.229560185187 2011  4 10  5   30  0.0000002  0.181523946201  0.983385877320  0.001128380649 -0.983386503044  0.181524063495 -0.000001560932 -0.000206363239 -0.001109350954  0.999999363377
55661.230949074074 2011  4 10  5   32 -0.0000000  0.190122042185  0.981759815756  0.001128380668 -0.981760440432  0.190122164936 -0.000001548280 -0.000216050215 -0.001107505139  0.999999363377
55661.232337962960 2011  4 10  5   34 -0.0000003  0.198705580253  0.980058579440  0.001128380576 -0.980059203021  0.198705708451 -0.000001535633 -0.000225720672 -0.001105574629  0.999999363377
55661.233726851853 2011  4 10  5   36  0.0000001  0.207273903195  0.978282298630  0.001128380373 -0.978282921068  0.207274036831 -0.000001522991 -0.000235373870 -0.001103559571  0.999999363378
55661.235115740739 2011  4 10  5   38 -0.0000001  0.215826354834  0.976431109356  0.001128380059 -0.976431730604  0.215826493898 -0.000001510356 -0.000245009071 -0.001101460119  0.999999363378
55661.236504629633 2011  4 10  5   40  0.0000003  0.224362280385  0.974505153347  0.001128379634 -0.974505773357  0.224362424866 -0.000001497729 -0.000254625536 -0.001099276434  0.999999363378
55661.237893518519 2011  4 10  5   42  0.0000000  0.232881026152  0.972504578097  0.001128379098 -0.972505196822  0.232881176038 -0.000001485111 -0.000264222528 -0.001097008683  0.999999363379
55661.239282407405 2011  4 10  5   44 -0.0000002  0.241381939885  0.970429536782  0.001128378452 -0.970430154175  0.241382095166 -0.000001472501 -0.000273799314 -0.001094657040  0.999999363380
55661.240671296298 2011  4 10  5   46  0.0000002  0.249864370703  0.968280188281  0.001128377695 -0.968280804293  0.249864531366 -0.000001459903 -0.000283355159 -0.001092221684  0.999999363381
55661.242060185185 2011  4 10  5   48 -0.0000001  0.258327669005  0.966056697193  0.001128376827 -0.966057311779  0.258327835038 -0.000001447316 -0.000292889332 -0.001089702803  0.999999363382
55661.243449074071 2011  4 10  5   50 -0.0000003  0.266771186788  0.963759233765  0.001128375849 -0.963759846877  0.266771358179 -0.000001434741 -0.000302401103 -0.001087100588  0.999999363383
55661.244837962964 2011  4 10  5   52  0.0000001  0.275194277565  0.961387973903  0.001128374761 -0.961388585495  0.275194454300 -0.000001422180 -0.000311889743 -0.001084415239  0.999999363384
55661.246226851850 2011  4 10  5   54 -0.0000001  0.283596296278  0.958943099204  0.001128373562 -0.958943709228  0.283596478344 -0.000001409633 -0.000321354526 -0.001081646962  0.999999363385
55661.247615740744 2011  4 10  5   56  0.0000003  0.291976599662  0.956424796848  0.001128372253 -0.956425405259  0.291976787045 -0.000001397102 -0.000330794728 -0.001078795968  0.999999363387
55661.249004629630 2011  4 10  5   58  0.0000000  0.300334545937  0.953833259693  0.001128370834 -0.953833866443  0.300334738623 -0.000001384587 -0.000340209624 -0.001075862477  0.999999363388
55661.250393518516 2011  4 10  6    0 -0.0000002  0.308669495166  0.951168686163  0.001128369306 -0.951169291207  0.308669693141 -0.000001372089 -0.000349598495 -0.001072846711  0.999999363390
55661.251782407409 2011  4 10  6    2  0.0000002  0.316980809175  0.948431280273  0.001128367668 -0.948431883565  0.316981012422 -0.000001359609 -0.000358960622 -0.001069748902  0.999999363392
55661.253171296295 2011  4 10  6    4 -0.0000001  0.325267851468  0.945621251661  0.001128365920 -0.945621853153  0.325268059972 -0.000001347149 -0.000368295286 -0.001066569288  0.999999363394
55661.254560185182 2011  4 10  6    6 -0.0000003  0.333529987536  0.942738815478  0.001128364063 -0.942739415126  0.333530201282 -0.000001334709 -0.000377601775 -0.001063308111  0.999999363396
55661.255949074075 2011  4 10  6    8  0.0000001  0.341766584780  0.939784192422  0.001128362097 -0.939784790179  0.341766803751 -0.000001322289 -0.000386879374 -0.001059965622  0.999999363398
55661.257337962961 2011  4 10  6   10 -0.0000002  0.349977012425  0.936757608764  0.001128360022 -0.936758204585  0.349977236604 -0.000001309892 -0.000396127374 -0.001056542076  0.999999363401
55661.258726851855 2011  4 10  6   12  0.0000002  0.358160641873  0.933659296222  0.001128357838 -0.933659890061  0.358160871244 -0.000001297518 -0.000405345067 -0.001053037735  0.999999363403
55661.260115740741 2011  4 10  6   14 -0.0000000  0.366316846407  0.930489492070  0.001128355546 -0.930490083882  0.366317080951 -0.000001285168 -0.000414531746 -0.001049452868  0.999999363406
55661.261504629627 2011  4 10  6   16 -0.0000002  0.374445001536  0.927248439008  0.001128353145 -0.927249028748  0.374445241236 -0.000001272843 -0.000423686708 -0.001045787748  0.999999363409
55661.262893518520 2011  4 10  6   18  0.0000002  0.382544484920  0.923936385192  0.001128350636 -0.923936972815  0.382544729757 -0.000001260544 -0.000432809252 -0.001042042657  0.999999363411
55661.264282407406 2011  4 10  6   20 -0.0000001  0.390614676283  0.920553584265  0.001128348020 -0.920554169725  0.390614926239 -0.000001248272 -0.000441898679 -0.001038217881  0.999999363414
55661.265671296300 2011  4 10  6   22  0.0000003  0.398654957765  0.917100295217  0.001128345296 -0.917100878470  0.398655212820 -0.000001236027 -0.000450954295 -0.001034313713  0.999999363417
55661.267060185186 2011  4 10  6   24  0.0000001  0.406664713625  0.913576782507  0.001128342464 -0.913577363508  0.406664973760 -0.000001223811 -0.000459975404 -0.001030330453  0.999999363421
55661.268449074072 2011  4 10  6   26 -0.0000002  0.414643330587  0.909983315918  0.001128339525 -0.909983894624  0.414643595783 -0.000001211625 -0.000468961316 -0.001026268403  0.999999363424
55661.269837962966 2011  4 10  6   28  0.0000002  0.422590197759  0.906320170588  0.001128336480 -0.906320746954  0.422590467994 -0.000001199469 -0.000477911344 -0.001022127877  0.999999363427
55661.271226851852 2011  4 10  6   30 -0.0000000  0.430504706554  0.902587627047  0.001128333327 -0.902588201029  0.430504981809 -0.000001187345 -0.000486824801 -0.001017909191  0.999999363431
55661.272615740738 2011  4 10  6   32 -0.0000003  0.438386250989  0.898785971083  0.001128330069 -0.898786542636  0.438386531242 -0.000001175253 -0.000495701006 -0.001013612667  0.999999363435
55661.274004629631 2011  4 10  6   34  0.0000001  0.446234227604  0.894915493772  0.001128326704 -0.894916062855  0.446234512833 -0.000001163194 -0.000504539278 -0.001009238635  0.999999363439
55661.275393518517 2011  4 10  6   36 -0.0000001  0.454048035385  0.890976491525  0.001128323234 -0.890977058092  0.454048325570 -0.000001151170 -0.000513338941 -0.001004787429  0.999999363442
55661.276782407411 2011  4 10  6   38  0.0000003  0.461827076101  0.886969265914  0.001128319658 -0.886969829922  0.461827371218 -0.000001139181 -0.000522099321 -0.001000259391  0.999999363447
55661.278171296297 2011  4 10  6   40  0.0000001  0.469570754017  0.882894123820  0.001128315978 -0.882894685227  0.469571054044 -0.000001127229 -0.000530819746 -0.000995654866  0.999999363451
55661.279560185183 2011  4 10  6   42 -0.0000002  0.477278476229  0.878751377262  0.001128312192 -0.878751936025  0.477278781144 -0.000001115313 -0.000539499551 -0.000990974208  0.999999363455
55661.280949074076 2011  4 10  6   44  0.0000002  0.484949652588  0.874541343434  0.001128308302 -0.874541899511  0.484949962366 -0.000001103435 -0.000548138068 -0.000986217775  0.999999363459
55661.282337962963 2011  4 10  6   46 -0.0000000  0.492583695618  0.870264344748  0.001128304308 -0.870264898096  0.492584010237 -0.000001091596 -0.000556734638 -0.000981385931  0.999999363464
55661.283726851849 2011  4 10  6   48 -0.0000003  0.500180020812  0.865920708679  0.001128300210 -0.865921259255  0.500180340247 -0.000001079797 -0.000565288602 -0.000976479046  0.999999363469
55661.285115740742 2011  4 10  6   50  0.0000001  0.507738046547  0.861510767801  0.001128296009 -0.861511315563  0.507738370773 -0.000001068039 -0.000573799304 -0.000971497495  0.999999363473
